Dem =
89 88
55 57
66 73
189 186
;
INT = 5 7 4;

MC = 100 150 75;

SetCost = 100 140 200;

MCIM = 
1 1 1
0 0 1
0 1 1
1 0 0
;

OP = 
7 7 7
12 12 12
4 4 4
0 0 0
0 0 0
5 5 5
0 0 0
9 9 9
4.6 4.6 4.6
8 8 8
0 0 0
0 0 0
;

Pdef = 
20 0
30 0
45 0
60 0
;

IntrCost = 3 5 4 7;

InterCost = 2 6 4 6;

HoldCost = 4 3.5 3 2.4;

Tlot = 15 10 8 15;

SalCost = 6800 10200 6000;

Mcost = 8000 12000 7500;

SubCost = 50 14 20 18;

SubCapacity = 100 50 60 120;

BigM = 10000000;
LP = 24;
CL = 30
